1 117 20
3 55 20
3 74 20
3 77 40
3 89 20
3 97 100
3 333 220
3 372 40
3 378 20
3 401 20
3 425 20
3 426 80
3 428 120
3 429 60
3 432 20
3 440 40
3 441 120
3 447 1040
3 461 20
3 487 40
3 491 20
3 498 600
3 544 20
3 574 60
3 603 80
3 642 20
3 649 80
3 656 40
3 691 200
3 694 440
3 706 40
3 720 20
3 751 440
3 753 180
3 859 1180
3 882 20
3 884 20
3 908 440
3 977 20
3 985 60
14 18 1260
14 27 200
14 34 240
14 77 20
14 99 360
14 147 40
14 160 180
14 173 20
14 245 20
14 259 280
14 272 20
14 275 20
14 295 240
14 429 20
14 432 80
14 441 500
14 460 40
14 465 40
14 468 40
14 486 40
14 488 20
14 489 20
14 520 400
14 527 60
14 544 960
14 580 20
14 626 20
14 628 60
14 653 380
14 656 20
14 753 120
14 778 80
14 880 120
14 882 40
14 909 60
14 970 20
14 998 1460
15 3 20
15 20 40
15 34 20
15 54 40
15 74 20
15 77 20
15 79 20
15 99 120
15 158 20
15 160 340
15 162 580
15 164 20
15 178 4500
15 181 40
15 193 80
15 197 20
15 220 20
15 242 40
15 250 160
15 259 620
15 261 1060
15 295 860
15 343 20
15 353 460
15 372 680
15 378 140
15 425 60
15 429 40
15 460 200
15 464 360
15 491 480
15 498 440
15 502 120
15 531 160
15 677 40
15 694 40
15 751 60
15 778 40
15 859 20
15 884 80
15 886 20
15 909 640
18 39 360
18 71 260
18 99 400
18 183 60
18 210 60
18 232 140
18 272 40
18 343 80
18 346 20
18 366 20
18 378 20
18 429 360
18 432 20
18 440 60
18 441 40
18 465 100
18 486 20
18 488 480
18 520 40
18 527 380
18 531 60
18 621 480
18 649 80
18 650 13100
18 656 20
18 691 20
18 725 20
18 744 100
18 753 300
18 763 20
18 793 20
18 797 3000
18 836 20
18 845 840
18 882 20
18 889 20
18 894 20
18 959 20
18 998 60
20 3 40
20 55 260
20 72 140
20 74 280
20 77 220
20 97 180
20 215 280
20 220 780
20 242 40
20 250 420
20 269 20
20 295 220
20 378 180
20 387 40
20 401 20
20 426 200
20 429 80
20 432 40
20 435 160
20 440 100
20 441 40
20 491 40
20 504 960
20 527 1120
20 634 220
20 642 80
20 649 40
20 650 20
20 653 20
20 656 1040
20 720 80
20 741 660
20 753 40
20 884 20
20 886 1660
20 977 40
20 985 400
27 34 160
27 62 20
27 77 20
27 99 660
27 295 620
27 346 420
27 387 60
27 401 40
27 435 20
27 447 20
27 487 20
27 488 80
27 544 80
27 603 20
27 628 240
27 653 160
27 725 80
27 763 40
27 779 20
27 880 40
27 954 20
34 54 20
34 79 20
34 99 80
34 372 60
34 460 20
34 464 80
34 478 20
34 489 320
34 527 100
34 544 20
34 574 20
34 615 1700
34 628 60
34 642 20
34 653 80
34 677 80
34 694 800
34 763 60
34 880 80
34 884 2300
34 909 100
34 959 1520
34 970 40
38 39 200
38 99 20
38 435 4740
38 468 160
38 477 120
38 603 20
38 634 20
38 884 40
38 921 20
38 939 100
39 43 20
39 59 100
39 71 1420
39 72 300
39 80 40
39 99 300
39 407 18920
39 420 100
39 428 40
39 429 120
39 465 100
39 466 120
39 468 4260
39 520 20
39 525 80
39 527 40
39 531 120
39 649 20
39 674 20
39 702 20
39 706 60
39 753 180
39 784 60
39 790 20
39 809 20
39 866 20
39 871 6120
39 882 20
39 884 20
39 889 140
39 894 60
39 923 20
39 939 1020
39 954 280
39 959 180
43 63 60
43 445 20
43 461 20
43 468 40
43 488 20
43 525 60
43 544 20
43 574 20
43 626 60
43 706 40
43 753 220
43 809 320
43 866 1880
43 939 120
43 985 760
47 63 20
47 478 220
47 520 20
47 525 40
47 674 60
47 691 1900
47 694 240
47 778 20
47 836 20
47 882 20
47 921 20
54 71 20
54 74 700
54 79 200
54 97 40
54 99 20
54 674 20
54 706 20
54 763 40
54 845 60
54 874 120
54 884 80
54 886 80
54 959 20
55 74 40
55 77 40
55 577 20
55 603 80
55 628 20
55 634 360
55 649 20
55 741 20
55 778 40
55 882 40
55 884 20
55 970 20
55 977 20
55 985 4920
59 72 160
59 80 40
59 691 40
59 706 40
59 753 100
59 790 940
59 793 1340
59 866 1220
59 882 20
59 889 1220
59 894 120
59 923 20
59 939 180
59 998 80
63 650 80
63 660 20
63 706 20
63 753 80
63 836 60
63 866 600
63 894 20
63 923 80
71 74 20
71 77 180
71 89 20
71 99 60
71 725 120
71 753 120
71 779 60
71 784 1260
71 859 40
71 884 20
71 889 220
71 954 840
72 79 220
72 741 20
72 753 340
72 836 80
72 866 520
72 871 20
72 882 20
72 894 80
72 921 20
72 923 740
74 77 360
74 79 300
74 97 140
74 763 560
74 882 20
74 884 740
74 959 20
74 977 20
74 985 600
77 89 20
77 97 700
77 99 20
77 779 220
77 790 40
77 809 20
77 845 20
77 889 100
77 908 180
77 954 180
77 977 80
77 985 120
79 884 40
79 909 60
79 998 40
80 866 20
80 889 13300
80 893 40
80 894 1240
80 923 340
80 939 100
80 954 480
89 97 2800
89 893 40
89 977 60
89 985 20
97 985 40
106 15 20
106 20 60
106 119 20
106 245 320
106 250 40
106 378 40
106 435 1120
106 440 360
106 649 20
106 656 20
106 694 40
106 720 80
106 882 40
106 884 40
106 954 20
106 1245 20
106 1392 20
110 55 2260
110 131 20
110 164 1140
110 173 600
110 184 220
110 272 20
110 333 20
110 378 20
110 426 60
110 628 120
110 634 40
110 691 20
110 779 20
110 867 20
110 970 3220
110 985 140
117 3 60
117 15 20
117 20 60
117 54 40
117 55 20
117 77 20
117 89 20
117 97 60
117 122 20
117 147 160
117 164 20
117 200 120
117 210 80
117 242 60
117 270 20
117 272 20
117 290 40
117 295 40
117 343 20
117 378 60
117 413 140
117 420 20
117 428 100
117 429 100
117 432 220
117 434 20
117 440 40
117 441 160
117 447 20
117 461 160
117 475 1800
117 488 20
117 491 20
117 496 20
117 520 560
117 603 380
117 626 80
117 649 20
117 653 520
117 694 520
117 706 3000
117 720 40
117 741 80
117 845 20
117 854 20
117 859 40
117 874 360
117 908 20
117 923 80
117 977 60
117 998 20
117 1204 20
117 1245 40
117 1260 140
117 1323 60
117 1414 1200
118 14 20
118 20 20
118 39 460
118 47 600
118 71 20
118 89 80
118 97 620
118 99 40
118 147 20
118 215 20
118 220 240
118 290 60
118 333 140
118 339 300
118 378 180
118 407 40
118 428 60
118 447 300
118 465 20
118 468 460
118 478 40
118 488 20
118 502 20
118 527 80
118 531 200
118 544 20
118 615 20
118 656 60
118 720 200
118 741 200
118 778 20
118 836 20
118 874 40
118 954 820
118 959 100
118 998 20
118 1204 160
118 1209 40
118 1392 20
118 1485 420
119 47 80
119 55 20
119 63 20
119 71 20
119 72 20
119 122 20
119 159 20
119 173 20
119 193 20
119 197 40
119 198 2080
119 219 40
119 246 20
119 248 40
119 250 120
119 253 20
119 257 20
119 267 1980
119 270 3640
119 285 120
119 290 60
119 343 160
119 366 26040
119 372 160
119 420 2240
119 428 140
119 435 20
119 445 100
119 466 60
119 478 600
119 488 20
119 491 580
119 520 320
119 525 780
119 531 20
119 626 20
119 660 160
119 691 120
119 694 40
119 706 20
119 793 40
119 836 620
119 866 160
119 954 20
119 1204 20
119 1362 20
120 3 20
120 15 320
120 18 40
120 59 20
120 72 100
120 77 20
120 80 20
120 97 480
120 99 1260
120 141 20
120 156 20
120 159 20
120 160 20
120 162 60
120 178 480
120 193 20
120 198 20
120 211 1100
120 220 20
120 232 20
120 236 820
120 246 40
120 259 60
120 261 20
120 267 80
120 333 1220
120 346 20
120 353 20
120 366 40
120 372 180
120 401 80
120 445 40
120 464 320
120 477 100
120 491 20
120 498 40
120 520 40
120 525 20
120 531 20
120 580 60
120 642 20
120 691 20
120 706 20
120 720 340
120 751 120
120 763 800
120 790 60
120 836 80
120 1204 20
122 3 40
122 20 280
122 55 40
122 59 120
122 63 9540
122 74 580
122 77 400
122 80 260
122 89 20
122 97 120
122 99 600
122 141 2920
122 147 80
122 164 80
122 215 400
122 219 60
122 246 160
122 250 200
122 267 20
122 270 40
122 285 140
122 339 20
122 343 20
122 366 20
122 378 120
122 407 820
122 420 20
122 426 480
122 429 60
122 432 40
122 440 640
122 461 20
122 466 40
122 468 200
122 487 20
122 525 20
122 533 40
122 574 20
122 649 60
122 706 160
122 753 160
122 779 60
122 784 20
122 790 200
122 793 20
122 866 60
122 871 20
122 894 120
122 939 320
122 985 180
122 1245 260
122 1260 120
122 1323 120
122 1362 100
122 1492 140
131 15 40
131 54 60
131 77 40
131 97 100
131 134 380
131 156 300
131 160 700
131 183 360
131 215 20
131 219 20
131 236 180
131 261 100
131 322 60
131 353 40
131 378 20
131 435 200
131 440 20
131 447 100
131 453 20
131 466 20
131 513 20
131 574 60
131 642 1900
131 751 40
131 880 440
131 884 320
131 1342 20
134 54 1240
134 74 60
134 79 680
134 141 20
134 156 800
134 162 20
134 178 20
134 183 60
134 193 1540
134 197 40
134 236 60
134 372 580
134 435 20
134 447 200
134 453 60
134 498 100
134 634 80
134 751 20
134 763 20
134 884 120
134 886 80
134 909 20
141 15 140
141 18 20
141 54 60
141 74 440
141 79 240
141 99 800
141 156 40
141 159 760
141 193 20
141 197 120
141 200 1320
141 232 20
141 250 60
141 259 20
141 261 60
141 295 1380
141 333 1460
141 346 100
141 353 20
141 378 60
141 407 80
141 445 20
141 447 60
141 460 800
141 461 120
141 489 380
141 498 60
141 544 20
141 642 40
141 677 20
141 694 40
141 741 60
141 763 100
141 778 20
141 859 40
141 874 60
141 884 800
141 909 1680
147 3 100
147 18 140
147 20 40
147 27 20
147 39 200
147 71 4740
147 74 40
147 77 40
147 89 20
147 97 180
147 99 380
147 158 20
147 164 60
147 183 20
147 184 20
147 197 20
147 200 40
147 215 1640
147 220 20
147 246 100
147 250 20
147 333 320
147 346 580
147 378 40
147 387 1160
147 401 2820
147 426 1860
147 429 4160
147 434 20
147 435 20
147 440 60
147 441 80
147 453 20
147 461 40
147 468 80
147 487 60
147 488 20
147 525 360
147 574 40
147 580 400
147 603 420
147 642 20
147 649 1260
147 660 20
147 691 20
147 706 20
147 725 420
147 741 20
147 753 840
147 779 100
147 809 20
147 882 20
147 884 20
147 954 380
147 985 60
147 1492 100
156 3 100
156 34 600
156 39 20
156 54 160
156 74 140
156 79 980
156 158 660
156 159 540
156 160 20
156 162 120
156 178 20
156 183 1240
156 193 1060
156 205 1340
156 220 80
156 236 80
156 250 460
156 259 80
156 261 1180
156 290 120
156 295 240
156 333 560
156 353 380
156 372 260
156 425 20
156 428 40
156 432 20
156 447 1360
156 491 180
156 498 20
156 544 260
156 574 160
156 615 60
156 642 960
156 649 20
156 694 680
156 720 20
156 751 440
156 763 220
156 836 80
156 859 1820
156 884 40
156 909 240
158 3 40
158 20 20
158 34 20
158 54 2800
158 74 580
158 77 20
158 79 80
158 89 20
158 97 20
158 162 40
158 205 20
158 215 20
158 236 740
158 242 20
158 250 20
158 261 20
158 295 120
158 322 700
158 333 120
158 378 40
158 440 40
158 441 20
158 447 660
158 489 20
158 491 20
158 574 20
158 642 20
158 656 440
158 694 20
158 744 20
158 751 20
158 763 180
158 882 20
158 959 100
158 977 20
159 3 480
159 18 20
159 54 20
159 74 5600
159 77 3280
159 162 1580
159 181 20
159 210 420
159 259 660
159 261 20
159 275 20
159 290 40
159 295 20
159 333 1020
159 428 880
159 440 20
159 464 140
159 489 1000
159 653 20
159 694 240
159 763 1340
159 859 80
159 884 1020
159 970 20
160 20 220
160 27 500
160 34 280
160 77 60
160 89 60
160 97 100
160 99 740
160 165 60
160 178 640
160 183 200
160 193 1140
160 215 20
160 245 40
160 250 20
160 259 1240
160 261 20
160 295 340
160 343 40
160 353 240
160 425 60
160 453 60
160 460 80
160 478 60
160 496 40
160 498 20
160 544 20
160 574 60
160 615 120
160 621 40
160 626 20
160 628 240
160 634 220
160 642 720
160 653 40
160 656 20
160 677 20
160 720 80
160 725 20
160 751 40
160 753 20
160 779 20
160 859 20
160 880 1520
160 884 4040
160 909 40
160 959 1540
160 970 20
162 3 80
162 72 620
162 74 20
162 77 1680
162 79 2280
162 99 40
162 165 80
162 173 20
162 178 80
162 210 1580
162 242 40
162 245 20
162 250 40
162 259 1460
162 261 460
162 290 80
162 295 280
162 333 40
162 372 5960
162 378 60
162 428 280
162 434 20
162 435 20
162 445 20
162 447 100
162 460 20
162 464 540
162 491 1020
162 498 180
162 642 40
162 694 120
162 706 20
162 751 480
162 859 180
162 909 20
162 923 40
162 959 20
164 3 40
164 20 20
164 55 480
164 74 60
164 89 20
164 173 140
164 197 20
164 215 40
164 242 40
164 250 20
164 378 40
164 401 20
164 429 20
164 432 60
164 440 40
164 461 20
164 487 40
164 574 20
164 603 20
164 615 40
164 628 500
164 720 20
164 741 20
164 779 60
164 970 840
164 985 1440
165 27 100
165 34 60
165 259 20
165 295 40
165 372 40
165 425 120
165 447 200
165 498 2560
165 751 440
165 884 60
172 63 20
172 184 2000
172 210 140
172 248 440
172 267 20
172 270 20
172 322 540
172 366 4180
172 424 180
172 426 40
172 445 20
172 465 20
172 477 480
172 486 760
172 504 140
172 510 1920
172 513 2980
172 520 20
172 525 20
172 527 120
172 577 1140
172 603 20
172 626 40
172 628 20
172 634 80
172 638 120
172 674 20
172 706 20
172 743 4040
172 771 20
172 854 20
172 867 5620
172 874 20
172 882 60
172 886 40
172 893 420
172 921 160
172 998 40
173 34 20
173 77 60
173 79 20
173 210 20
173 366 20
173 425 20
173 428 40
173 445 360
173 460 20
173 464 20
173 489 20
173 544 20
173 615 20
173 628 140
173 653 20
173 691 20
173 741 1320
173 836 500
173 884 40
173 970 400
178 3 60
178 74 60
178 79 20
178 99 20
178 183 40
178 197 100
178 242 340
178 250 20
178 259 240
178 261 520
178 295 180
178 353 100
178 372 100
178 447 20
178 464 80
178 465 20
178 486 20
178 491 120
178 498 40
178 603 20
178 642 1600
178 649 20
178 720 20
178 751 360
178 779 40
178 836 20
178 884 480
181 20 40
181 71 40
181 77 20
181 215 40
181 246 40
181 290 20
181 346 20
181 387 20
181 428 1080
181 447 20
181 475 80
181 478 140
181 502 120
181 544 60
181 577 40
181 694 80
181 706 160
181 720 200
181 725 20
181 778 860
181 859 20
181 882 20
181 886 40
181 923 60
181 998 1100
183 34 40
183 54 100
183 77 160
183 99 3080
183 193 220
183 205 60
183 215 20
183 220 820
183 250 300
183 259 80
183 295 20
183 322 20
183 413 1520
183 447 60
183 453 80
183 460 60
183 520 80
183 574 140
183 582 3840
183 615 460
183 634 20
183 642 2980
183 649 160
183 691 80
183 694 20
183 725 20
183 751 40
183 880 60
184 55 20
184 63 20
184 71 20
184 210 40
184 222 20
184 246 120
184 248 60
184 253 20
184 275 60
184 285 20
184 322 480
184 343 20
184 366 20
184 374 20
184 420 40
184 424 360
184 426 80
184 428 60
184 429 20
184 445 20
184 477 200
184 486 380
184 488 240
184 504 120
184 510 1980
184 513 300
184 527 40
184 531 20
184 544 20
184 577 200
184 634 300
184 638 100
184 660 40
184 674 20
184 743 560
184 836 40
184 854 20
184 867 20
184 874 20
184 882 100
184 893 2900
184 921 300
184 970 80
184 998 40
193 34 60
193 74 460
193 97 120
193 211 20
193 250 2200
193 259 160
193 261 120
193 372 360
193 447 100
193 453 40
193 491 40
193 498 40
193 520 40
193 574 60
193 580 20
193 615 1500
193 694 240
193 763 20
193 836 20
193 859 100
193 884 1060
193 908 20
193 959 1780
197 55 20
197 200 20
197 210 40
197 252 20
197 267 40
197 270 100
197 275 20
197 295 40
197 333 20
197 343 20
197 353 5120
197 378 60
197 387 40
197 407 20
197 413 40
197 420 20
197 424 40
197 425 60
197 428 20
197 445 40
197 461 60
197 478 20
197 488 60
197 498 20
197 502 480
197 525 20
197 531 40
197 626 140
197 634 40
197 649 20
197 650 140
197 691 20
197 741 600
197 743 20
197 751 20
197 859 20
197 866 40
197 874 140
197 886 20
197 909 40
197 959 40
197 970 40
197 998 340
198 43 20
198 47 100
198 59 20
198 63 40
198 97 20
198 210 80
198 211 20
198 213 160
198 219 20
198 246 40
198 252 20
198 253 2400
198 257 40
198 267 13620
198 270 620
198 275 20
198 285 100
198 343 920
198 366 8320
198 372 80
198 374 20
198 387 100
198 420 1200
198 428 160
198 445 1180
198 475 20
198 477 20
198 478 3220
198 491 300
198 502 20
198 520 40
198 525 4340
198 577 60
198 580 20
198 603 20
198 626 60
198 660 780
198 674 20
198 691 1140
198 694 20
198 706 360
198 741 20
198 778 60
198 836 1620
198 866 60
198 871 40
198 889 540
198 894 20
198 923 60
198 998 40
200 3 20
200 89 20
200 215 20
200 236 360
200 242 20
200 290 40
200 343 40
200 346 100
200 378 1120
200 401 700
200 407 20
200 424 680
200 426 260
200 429 140
200 435 40
200 440 20
200 461 560
200 475 120
200 477 40
200 488 2640
200 496 40
200 502 60
200 510 140
200 574 40
200 577 100
200 603 40
200 621 20
200 634 1900
200 650 60
200 653 20
200 720 20
200 741 80
200 779 560
200 874 500
200 882 260
200 894 20
200 921 1800
200 954 20
200 977 60
205 34 20
205 54 20
205 79 20
205 97 120
205 250 280
205 259 80
205 261 40
205 295 20
205 322 60
205 333 180
205 372 1680
205 428 40
205 460 140
205 574 20
205 615 5060
205 642 60
205 656 20
205 694 20
205 751 40
205 880 80
205 884 220
210 3 80
210 47 20
210 72 100
210 77 40
210 215 20
210 219 20
210 246 40
210 248 60
210 253 120
210 259 60
210 270 20
210 275 680
210 290 40
210 343 40
210 374 40
210 424 460
210 428 1680
210 464 120
210 465 40
210 477 20
210 486 20
210 487 400
210 531 20
210 577 20
210 603 1740
210 638 20
210 649 20
210 691 120
210 694 640
210 706 80
210 753 20
210 778 20
210 836 20
210 859 660
210 874 20
210 893 140
210 908 120
210 921 80
210 923 40
210 954 20
210 998 220
211 43 20
211 59 140
211 72 60
211 80 680
211 219 20
211 246 340
211 267 140
211 275 40
211 322 20
211 339 20
211 407 60
211 525 120
211 527 100
211 531 40
211 706 80
211 753 20
211 793 720
211 836 40
211 845 20
211 866 120
211 867 20
211 871 20
211 882 40
211 889 480
211 894 1520
211 939 60
213 47 20
213 253 2520
213 267 140
213 270 1920
213 420 20
213 428 360
213 478 200
213 520 600
213 836 400
215 3 40
215 39 40
215 55 20
215 71 3920
215 74 780
215 77 700
215 97 60
215 99 20
215 220 40
215 242 40
215 290 20
215 295 500
215 333 20
215 346 620
215 378 120
215 387 2180
215 401 1860
215 426 1480
215 429 120
215 432 20
215 435 20
215 440 200
215 441 100
215 461 40
215 486 20
215 487 20
215 488 20
215 491 20
215 520 20
215 527 20
215 544 20
215 574 40
215 577 20
215 580 1800
215 603 840
215 649 260
215 650 20
215 653 40
215 656 60
215 691 20
215 706 20
215 720 40
215 725 1880
215 741 940
215 751 40
215 763 40
215 778 40
215 954 840
215 977 60
215 985 260
215 998 40
219 38 1380
219 39 6460
219 55 80
219 72 740
219 232 20
219 246 180
219 339 60
219 343 20
219 435 60
219 445 20
219 466 60
219 468 120
219 488 20
219 520 20
219 603 20
219 634 20
219 649 60
219 702 320
219 706 40
219 753 620
219 784 20
219 809 200
219 871 20
219 884 20
219 894 20
219 908 20
219 939 20
220 3 140
220 54 40
220 55 20
220 71 20
220 77 980
220 89 1040
220 97 6120
220 99 20
220 242 20
220 270 80
220 275 20
220 346 40
220 378 280
220 387 20
220 429 20
220 432 40
220 434 20
220 435 40
220 447 120
220 461 20
220 487 40
220 491 20
220 520 20
220 531 40
220 574 420
220 615 20
220 649 380
220 656 440
220 691 540
220 720 3720
220 741 140
220 751 20
220 779 20
220 790 20
220 859 20
220 884 40
220 886 200
220 977 20
222 252 620
222 275 1040
222 424 20
222 428 40
222 790 20
222 793 20
222 882 980
222 908 40
232 54 60
232 250 100
232 252 280
232 272 5240
232 322 60
232 346 20
232 374 620
232 424 2600
232 440 20
232 461 40
232 465 20
232 477 20
232 488 140
232 489 40
232 531 580
232 603 20
232 621 160
232 626 40
232 649 40
232 650 460
232 706 20
232 725 20
232 741 220
232 744 1240
232 778 20
232 797 1020
232 845 5240
232 884 80
232 908 240
232 921 120
232 998 40
236 54 1380
236 72 160
236 79 20
236 99 40
236 270 20
236 322 20
236 333 20
236 372 80
236 401 760
236 447 80
236 577 20
236 634 40
236 706 40
236 751 60
236 763 1140
236 790 240
236 886 100
236 959 20
242 3 20
242 38 60
242 71 20
242 74 60
242 77 40
242 89 40
242 97 40
242 259 240
242 372 100
242 378 40
242 432 100
242 434 20
242 435 20
242 440 20
242 441 40
242 460 20
242 461 20
242 487 40
242 489 1320
242 491 20
242 574 20
242 649 40
242 720 20
242 751 240
242 884 4720
242 954 20
242 977 20
242 985 20
245 27 80
245 34 20
245 99 140
245 259 140
245 295 120
245 407 100
245 435 500
245 440 1240
245 447 20
245 531 20
245 544 20
245 628 60
245 653 60
245 720 20
245 751 20
245 836 20
245 859 20
245 880 140
245 909 120
245 970 40
246 39 100
246 59 260
246 63 60
246 80 220
246 248 440
246 267 220
246 275 80
246 285 100
246 295 40
246 339 20
246 343 40
246 346 20
246 366 80
246 372 20
246 374 920
246 401 20
246 407 440
246 435 40
246 460 20
246 466 560
246 468 380
246 477 1660
246 478 200
246 488 80
246 533 40
246 580 200
246 634 240
246 642 140
246 691 20
246 694 40
246 702 300
246 706 20
246 753 1060
246 771 40
246 790 120
246 793 2220
246 836 400
246 859 20
246 866 300
246 871 960
246 882 120
246 889 80
246 894 120
246 939 160
246 954 20
246 998 20
248 59 40
248 252 100
248 267 180
248 269 20
248 275 60
248 285 1360
248 322 5180
248 424 20
248 435 40
248 465 280
248 466 840
248 478 20
248 486 120
248 487 80
248 502 20
248 504 1400
248 510 180
248 513 20
248 527 3480
248 577 180
248 603 140
248 634 180
248 638 340
248 706 20
248 743 2540
248 793 60
248 836 20
248 859 20
248 867 200
248 871 20
248 882 80
248 889 20
248 893 1080
248 921 20
248 954 180
250 34 1800
250 72 220
250 74 540
250 99 220
250 257 20
250 259 120
250 261 80
250 272 20
250 290 60
250 295 180
250 333 20
250 372 80
250 413 80
250 428 20
250 464 80
250 465 80
250 491 20
250 525 20
250 574 20
250 582 60
250 615 500
250 642 20
250 656 60
250 660 940
250 694 120
250 741 200
250 751 20
250 778 100
250 809 20
250 845 40
250 859 20
250 882 20
250 884 960
250 886 20
250 954 60
250 959 1000
250 998 20
252 59 20
252 267 1000
252 270 20
252 275 4460
252 322 1920
252 343 20
252 366 80
252 378 20
252 420 40
252 424 460
252 428 40
252 468 20
252 477 20
252 486 20
252 487 40
252 504 60
252 520 20
252 525 20
252 650 20
252 674 140
252 743 100
252 836 20
252 882 2920
252 889 40
252 908 460
253 3 820
253 47 40
253 79 20
253 267 3120
253 270 920
253 343 180
253 366 60
253 420 80
253 428 960
253 440 20
253 445 80
253 478 1220
253 487 80
253 520 600
253 525 20
253 603 160
253 626 20
253 634 20
253 660 220
253 691 800
253 706 180
253 753 60
253 836 240
253 859 820
253 884 40
253 923 40
253 985 20
257 43 60
257 59 40
257 63 460
257 72 80
257 285 900
257 322 20
257 339 640
257 387 80
257 407 60
257 420 60
257 460 40
257 525 20
257 580 20
257 706 500
257 809 20
257 836 20
257 866 560
257 908 20
257 923 60
257 998 20
259 3 180
259 27 480
259 34 540
259 54 100
259 74 60
259 77 540
259 79 40
259 99 1240
259 261 1580
259 295 280
259 322 60
259 372 1220
259 425 20
259 428 20
259 445 60
259 447 80
259 453 20
259 460 40
259 464 400
259 488 40
259 491 500
259 498 60
259 615 3080
259 628 180
259 642 280
259 653 400
259 660 180
259 751 220
259 763 20
259 880 140
259 909 80
259 959 3580
259 970 20
261 34 140
261 54 20
261 72 340
261 79 20
261 97 40
261 295 320
261 353 1360
261 372 480
261 425 40
261 434 20
261 447 80
261 460 80
261 464 20
261 489 40
261 491 60
261 574 120
261 615 160
261 628 40
261 642 500
261 694 300
261 706 80
261 751 160
261 859 260
261 880 100
261 884 660
261 909 20
261 923 80
261 959 80
267 39 40
267 43 20
267 47 80
267 59 20
267 63 40
267 72 40
267 80 40
267 270 260
267 275 40
267 285 20
267 322 120
267 343 300
267 366 5000
267 372 20
267 387 40
267 401 60
267 407 40
267 420 1280
267 428 260
267 445 1360
267 466 40
267 468 40
267 477 40
267 478 2580
267 487 740
267 491 20
267 502 40
267 504 20
267 520 220
267 525 4920
267 577 80
267 580 60
267 603 1780
267 626 60
267 660 1780
267 691 2400
267 702 20
267 706 240
267 741 20
267 743 180
267 753 60
267 771 20
267 790 20
267 793 160
267 809 20
267 836 2260
267 866 140
267 867 20
267 882 60
267 889 60
267 894 40
267 998 20
269 322 120
269 401 60
269 486 40
269 510 40
269 513 60
269 527 160
269 577 40
269 638 20
269 706 60
269 743 20
269 867 20
269 882 40
269 921 20
269 959 40
270 63 40
270 275 460
270 285 60
270 290 900
270 343 2120
270 366 160
270 378 40
270 420 180
270 428 560
270 440 20
270 445 280
270 475 1080
270 486 20
270 488 20
270 502 20
270 504 20
270 520 3660
270 525 200
270 531 20
270 626 20
270 660 1480
270 691 420
270 706 20
270 720 120
270 793 20
270 836 820
270 866 20
270 886 720
272 38 20
272 54 60
272 72 20
272 99 40
272 275 160
272 346 20
272 366 20
272 401 60
272 424 40
272 465 20
272 466 20
272 486 60
272 504 20
272 525 60
272 527 160
272 531 1060
272 603 3280
272 650 340
272 677 80
272 691 20
272 743 460
272 744 780
272 779 40
272 797 880
272 845 7340
272 874 20
272 882 220
272 884 40
272 893 120
272 908 120
272 921 20
272 970 20
272 998 20
275 89 40
275 99 580
275 290 20
275 322 1320
275 343 40
275 366 40
275 401 60
275 424 140
275 435 20
275 445 160
275 468 80
275 488 100
275 504 580
275 520 360
275 525 20
275 527 1300
275 531 20
275 603 260
275 615 20
275 650 20
275 674 260
275 691 20
275 694 20
275 706 80
275 720 120
275 753 120
275 771 20
275 790 20
275 797 20
275 836 360
275 845 1060
275 854 80
275 882 3180
275 889 20
275 908 2020
275 921 160
275 939 20
275 970 20
285 39 260
285 43 1000
285 59 740
285 63 3660
285 72 40
285 77 20
285 80 20
285 339 280
285 343 40
285 366 40
285 372 80
285 407 200
285 428 20
285 435 160
285 445 40
285 461 20
285 468 1600
285 478 80
285 488 20
285 513 20
285 520 40
285 525 40
285 626 1920
285 642 340
285 649 20
285 660 200
285 691 40
285 706 100
285 753 40
285 790 1760
285 793 1280
285 836 140
285 866 9960
285 871 60
285 882 20
285 889 240
285 894 20
285 923 20
285 939 1080
285 954 20
285 985 20
290 3 20
290 71 20
290 74 20
290 77 40
290 333 60
290 378 140
290 420 20
290 428 1200
290 432 40
290 434 20
290 440 20
290 466 40
290 491 20
290 502 120
290 520 60
290 574 40
290 603 660
290 649 360
290 691 40
290 694 720
290 706 60
290 720 20
290 741 140
290 836 260
290 859 980
290 874 40
290 884 20
290 886 140
290 908 20
295 34 140
295 74 80
295 79 840
295 99 360
295 333 240
295 343 20
295 372 80
295 425 40
295 428 20
295 447 380
295 460 240
295 461 240
295 464 60
295 489 80
295 498 20
295 544 100
295 615 20
295 626 120
295 628 240
295 642 60
295 653 20
295 691 100
295 694 380
295 763 40
295 779 40
295 859 340
295 880 20
295 882 20
295 884 80
295 909 3640
295 959 140
295 977 40
322 72 20
322 374 60
322 420 20
322 424 120
322 445 100
322 465 4620
322 468 3820
322 486 200
322 504 1500
322 510 480
322 513 1300
322 525 40
322 527 2960
322 577 40
322 603 60
322 634 6400
322 638 100
322 642 60
322 650 20
322 674 940
322 691 20
322 743 2080
322 751 40
322 771 20
322 779 40
322 790 40
322 845 320
322 854 20
322 867 2780
322 874 40
322 882 600
322 893 1780
322 894 20
322 908 1780
322 921 360
322 939 300
333 54 20
333 74 4480
333 79 120
333 97 160
333 99 520
333 366 40
333 401 20
333 428 60
333 447 760
333 488 40
333 489 340
333 491 80
333 520 20
333 580 20
333 626 20
333 656 980
333 694 20
333 725 20
333 763 2060
333 859 160
333 882 40
333 884 20
333 893 20
333 970 20
333 985 220
339 39 3980
339 43 460
339 72 40
339 80 940
339 366 20
339 407 260
339 420 40
339 435 60
339 468 4120
339 525 60
339 527 40
339 531 540
339 790 20
339 793 80
339 809 200
339 866 560
339 894 40
339 923 100
339 939 440
339 954 480
339 959 60
343 43 40
343 47 100
343 89 320
343 353 580
343 366 640
343 401 20
343 420 380
343 428 480
343 440 20
343 445 380
343 453 20
343 460 20
343 461 20
343 468 20
343 478 120
343 486 780
343 502 80
343 520 120
343 525 240
343 531 20
343 626 60
343 650 20
343 660 1060
343 691 1080
343 720 80
343 741 100
343 743 20
343 793 20
343 809 20
343 836 80
343 871 20
343 884 40
343 894 20
343 909 60
343 939 20
346 71 80
346 77 820
346 353 20
346 387 200
346 401 480
346 407 100
346 426 40
346 429 100
346 440 1120
346 487 20
346 498 20
346 580 140
346 582 280
346 603 4460
346 628 300
346 642 20
346 649 1200
346 656 200
346 691 80
346 725 60
346 771 40
346 779 2900
346 845 20
346 874 40
346 909 20
346 954 400
353 89 240
353 97 340
353 372 160
353 425 400
353 460 560
353 464 40
353 615 20
353 626 20
353 628 20
353 642 140
353 720 60
353 809 20
353 884 600
353 959 20
366 47 6940
366 54 20
366 59 80
366 63 40
366 74 20
366 374 20
366 378 20
366 407 80
366 420 2020
366 424 20
366 428 40
366 445 380
366 468 160
366 478 3340
366 491 20
366 510 20
366 520 80
366 525 5320
366 531 20
366 577 40
366 642 20
366 656 320
366 660 600
366 674 80
366 691 280
366 706 160
366 784 20
366 809 20
366 836 360
366 871 20
366 874 20
366 882 200
366 884 80
366 889 60
366 923 120
366 939 40
372 74 320
372 79 160
372 97 160
372 420 20
372 425 40
372 432 20
372 447 260
372 461 40
372 464 180
372 491 6060
372 498 60
372 615 60
372 628 100
372 642 780
372 694 560
372 751 380
372 809 20
372 836 60
372 859 1720
372 884 20
372 959 60
372 977 60
374 72 40
374 477 120
374 478 20
374 486 40
374 504 20
374 510 60
374 527 1280
374 836 100
378 71 20
378 74 120
378 77 120
378 89 220
378 97 300
378 99 20
378 426 40
378 428 20
378 429 40
378 432 140
378 435 60
378 440 180
378 441 60
378 447 20
378 460 40
378 461 140
378 475 20
378 488 100
378 496 40
378 502 140
378 527 20
378 626 40
378 656 1600
378 674 20
378 720 240
378 741 4420
378 751 40
378 836 20
378 874 20
378 882 20
378 884 20
378 886 1120
378 909 80
378 977 20
387 59 40
387 71 3580
387 77 40
387 89 20
387 97 20
387 401 360
387 426 15020
387 429 140
387 432 60
387 435 20
387 487 280
387 488 60
387 491 20
387 498 20
387 525 1660
387 544 20
387 580 1940
387 582 20
387 603 420
387 649 680
387 656 20
387 691 80
387 706 20
387 720 20
387 725 1000
387 741 140
387 779 280
387 793 140
387 836 20
387 859 20
387 866 60
387 886 60
387 889 40
387 954 20
387 977 80
401 55 240
401 71 220
401 72 420
401 89 60
401 97 40
401 424 380
401 426 340
401 429 480
401 432 20
401 440 20
401 441 20
401 445 20
401 468 20
401 487 40
401 510 140
401 577 40
401 580 1440
401 603 900
401 626 60
401 634 860
401 649 1120
401 720 20
401 725 100
401 753 20
401 779 2940
401 809 80
401 882 660
401 921 20
401 954 760
401 977 20
407 59 80
407 72 60
407 79 20
407 80 80
407 466 280
407 468 1680
407 533 20
407 706 1780
407 753 20
407 784 20
407 790 400
407 866 40
407 871 960
407 874 20
407 894 200
407 923 1820
407 939 1020
407 954 20
413 99 1080
413 432 80
413 461 320
413 475 180
413 582 240
413 603 20
413 626 60
413 650 1660
413 653 60
413 743 140
413 874 200
413 977 40
420 428 80
420 445 40
420 478 420
420 487 60
420 489 40
420 491 20
420 502 100
420 510 20
420 520 40
420 525 1140
420 531 40
420 603 420
420 660 60
420 741 20
420 753 20
420 784 20
420 836 1060
420 882 20
420 884 20
420 889 20
420 939 40
420 954 20
420 959 20
420 970 20
420 998 40
424 435 20
424 445 100
424 477 40
424 486 360
424 504 1260
424 510 2420
424 513 2240
424 527 40
424 531 20
424 577 340
424 621 100
424 626 140
424 634 480
424 650 160
424 660 60
424 674 100
424 743 80
424 771 120
424 790 20
424 882 260
424 893 20
424 908 4120
424 921 1760
424 998 20
425 447 160
425 464 40
425 491 20
425 498 840
425 544 40
425 628 80
425 751 20
425 763 40
426 71 1340
426 74 240
426 77 260
426 89 160
426 97 100
426 429 320
426 440 320
426 487 20
426 488 580
426 498 20
426 580 240
426 582 20
426 603 260
426 649 440
426 650 20
426 720 20
426 725 40
426 741 40
426 778 20
426 779 20
426 882 6160
426 894 40
426 921 420
426 939 260
426 954 60
426 977 20
426 985 200
428 74 20
428 77 200
428 89 20
428 445 100
428 447 60
428 453 20
428 461 40
428 468 20
428 475 660
428 478 1540
428 487 80
428 488 540
428 502 100
428 520 1360
428 582 20
428 603 880
428 626 20
428 660 100
428 691 740
428 694 700
428 706 220
428 836 1380
428 859 1360
428 866 20
428 894 780
428 923 60
428 970 40
429 55 60
429 71 680
429 74 20
429 77 500
429 89 60
429 97 180
429 99 40
429 432 160
429 435 2500
429 440 80
429 441 180
429 488 540
429 574 20
429 580 860
429 603 120
429 621 80
429 649 2340
429 725 20
429 741 60
429 753 960
429 779 40
429 845 40
429 859 20
429 882 100
429 921 60
429 954 900
429 985 20
432 55 80
432 89 200
432 440 20
432 441 40
432 461 160
432 487 60
432 626 200
432 649 20
432 653 1980
432 751 20
432 874 240
432 977 1320
432 998 400
434 55 40
434 74 40
434 460 20
434 487 20
434 574 20
434 642 20
434 836 40
434 884 20
435 54 40
435 89 60
435 97 180
435 99 20
435 440 1520
435 447 20
435 461 40
435 478 1040
435 491 20
435 520 80
435 621 20
435 626 140
435 656 60
435 720 400
435 753 680
435 797 20
435 859 20
435 871 20
435 921 1240
435 954 280
440 55 40
440 74 240
440 77 160
440 89 20
440 97 100
440 441 20
440 461 120
440 487 20
440 502 20
440 525 40
440 544 180
440 706 20
440 741 40
440 751 20
440 778 20
440 779 60
440 797 60
440 836 40
440 874 20
440 882 40
440 985 140
440 998 40
441 55 60
441 74 40
441 77 80
441 97 40
441 99 20
441 486 40
441 487 20
441 488 20
441 520 20
441 527 1180
441 531 20
441 544 220
441 574 20
441 577 20
441 653 40
441 674 20
441 694 20
441 751 20
441 778 140
441 882 40
441 884 40
441 889 20
441 985 20
441 998 120
445 63 20
445 72 20
445 77 20
445 453 20
445 460 20
445 478 20
445 496 60
445 502 20
445 520 60
445 525 120
445 531 20
445 621 180
445 626 40
445 628 20
445 660 100
445 691 420
445 706 40
445 753 140
445 797 120
445 836 700
445 845 20
445 884 40
445 889 20
445 939 40
447 54 220
447 55 800
447 74 40
447 79 1500
447 97 40
447 99 20
447 453 40
447 491 20
447 498 80
447 634 60
447 656 40
447 694 60
447 751 80
447 763 300
447 836 40
447 859 40
447 884 120
447 909 100
447 959 20
447 998 20
453 54 40
453 74 320
453 464 40
453 491 180
453 615 200
453 642 160
453 674 20
453 859 660
453 880 20
453 882 20
453 889 20
460 47 20
460 464 20
460 489 60
460 531 20
460 615 940
460 626 60
460 642 100
460 653 20
460 741 600
460 874 80
460 880 420
460 884 180
460 909 1800
460 921 40
460 970 60
461 55 20
461 77 40
461 89 80
461 97 20
461 475 140
461 487 20
461 491 20
461 520 20
461 574 20
461 603 20
461 626 880
461 649 20
461 653 20
461 656 20
461 660 120
461 741 20
461 751 20
461 779 20
461 836 20
461 859 20
461 866 20
461 874 1500
461 884 20
461 909 40
461 977 60
464 77 280
464 99 20
464 498 180
464 628 40
464 642 40
464 653 40
464 677 20
464 751 20
464 880 80
464 909 60
464 959 40
464 970 20
465 71 20
465 468 20
465 504 300
465 527 1040
465 577 20
465 634 2240
465 638 140
465 706 20
465 743 40
465 867 40
465 882 620
465 884 40
465 908 120
465 921 20
465 954 200
465 959 60
465 970 20
465 998 60
466 59 140
466 80 520
466 468 140
466 525 200
466 533 500
466 649 20
466 706 280
466 753 980
466 784 20
466 790 80
466 793 240
466 809 60
466 889 20
466 923 600
466 939 2660
466 954 180
468 59 160
468 478 20
468 527 60
468 531 100
468 706 160
468 743 80
468 753 420
468 784 200
468 790 20
468 793 100
468 809 20
468 836 20
468 866 280
468 871 500
468 889 100
468 894 80
468 908 20
468 923 120
468 939 1540
468 954 320
468 959 100
468 985 40
475 491 20
475 496 20
475 520 40
475 531 40
475 642 20
475 653 20
475 656 120
475 677 60
475 706 20
475 836 20
475 845 20
475 874 280
475 886 20
475 908 100
475 921 20
475 977 20
477 55 20
477 486 20
477 504 1220
477 510 100
477 527 20
477 531 20
477 621 20
477 626 60
477 634 780
477 638 320
477 674 120
477 691 20
477 753 20
477 867 240
477 882 400
477 893 40
477 908 480
477 923 20
478 63 20
478 488 20
478 520 120
478 525 280
478 626 20
478 660 20
478 691 480
478 694 40
478 706 20
478 778 20
478 809 20
478 836 7500
478 866 20
478 867 20
478 882 40
486 504 160
486 510 2400
486 513 160
486 525 360
486 527 360
486 577 560
486 638 480
486 725 20
486 743 200
486 867 160
486 893 260
486 921 40
486 939 80
486 998 20
487 74 20
487 89 40
487 488 40
487 491 40
487 574 20
487 603 10500
487 649 300
487 691 160
487 753 100
487 779 20
487 884 20
487 886 20
487 977 20
488 71 40
488 77 20
488 80 20
488 99 20
488 502 20
488 510 280
488 531 140
488 580 580
488 603 80
488 621 760
488 634 1220
488 649 440
488 650 180
488 741 60
488 743 60
488 882 6120
488 893 80
488 894 2720
488 921 3560
488 998 40
489 74 740
489 79 40
489 99 20
489 491 20
489 498 20
489 527 240
489 531 40
489 642 20
489 694 40
489 763 1160
489 874 20
489 884 660
489 909 20
489 959 20
489 970 40
491 71 20
491 74 40
491 77 40
491 79 180
491 89 20
491 97 20
491 99 60
491 498 20
491 574 20
491 603 20
491 649 20
491 720 40
491 751 60
491 836 40
491 859 120
491 977 40
491 985 40
496 653 40
496 874 1380
496 884 20
496 977 20
498 59 20
498 74 1260
498 77 20
498 79 80
498 525 20
498 615 60
498 628 60
498 751 40
498 859 20
498 909 340
502 520 40
502 525 140
502 621 20
502 660 200
502 691 20
502 741 260
502 779 20
502 836 20
502 874 60
502 985 20
502 998 560
504 510 1440
504 513 680
504 527 4220
504 577 520
504 580 140
504 603 20
504 634 800
504 638 140
504 674 160
504 743 40
504 744 20
504 771 80
504 854 20
504 867 400
504 880 20
504 882 160
504 886 20
504 893 220
504 908 60
504 921 20
504 939 60
510 63 20
510 513 620
510 527 740
510 577 1540
510 580 20
510 634 820
510 638 300
510 674 100
510 743 500
510 867 480
510 874 40
510 882 140
510 893 980
510 921 420
513 531 20
513 634 360
513 638 20
513 743 60
513 867 2840
513 882 20
513 893 120
513 908 200
513 921 120
513 998 20
520 97 20
520 99 160
520 525 60
520 527 20
520 531 20
520 650 20
520 660 260
520 691 560
520 702 20
520 741 120
520 797 60
520 836 160
520 882 1040
525 59 120
525 63 100
525 72 40
525 77 20
525 80 240
525 577 180
525 582 1180
525 626 20
525 638 20
525 649 740
525 650 60
525 660 1120
525 691 120
525 753 420
525 790 20
525 793 40
525 809 120
525 836 180
525 866 100
525 882 60
525 884 80
525 889 2340
527 54 60
527 59 20
527 79 20
527 99 100
527 531 60
527 577 120
527 626 20
527 634 320
527 638 660
527 674 140
527 743 80
527 753 20
527 771 20
527 784 40
527 836 20
527 845 40
527 866 20
527 867 2120
527 882 40
527 886 20
527 893 40
527 921 140
527 954 120
527 959 20
527 998 60
531 621 80
531 626 20
531 650 1340
531 691 20
531 744 20
531 797 40
531 845 380
531 854 20
531 867 20
531 874 80
531 882 20
531 884 20
531 894 20
531 954 220
531 959 20
531 998 20
533 59 100
533 80 20
533 923 20
533 939 860
544 55 260
544 71 40
544 628 40
544 653 20
544 778 1060
544 880 60
544 909 60
544 998 960
574 71 20
574 74 40
574 77 20
574 615 220
574 642 680
574 656 220
574 694 100
574 751 40
574 836 20
574 859 40
574 880 40
574 884 20
574 889 20
574 939 20
574 977 60
574 985 20
577 97 20
577 634 60
577 638 240
577 674 100
577 743 160
577 790 20
577 836 20
577 893 80
577 921 20
580 71 420
580 77 40
580 97 60
580 649 180
580 779 20
580 884 100
580 954 100
582 77 20
582 80 3040
582 89 20
582 99 3120
582 603 120
582 649 320
582 889 180
582 954 220
603 71 520
603 77 300
603 89 40
603 99 540
603 649 4240
603 656 20
603 691 820
603 694 520
603 706 560
603 725 760
603 743 100
603 753 180
603 779 3380
603 836 20
603 859 900
603 866 20
603 874 20
603 954 2300
615 79 100
615 642 480
615 720 40
615 741 40
615 751 20
615 753 1320
615 763 40
615 880 300
615 884 460
615 959 60
621 626 120
621 634 200
621 642 40
621 720 20
621 741 20
621 744 40
621 797 60
621 845 120
621 882 560
621 921 260
626 634 40
626 638 20
626 653 20
626 741 20
626 744 40
626 793 20
626 836 60
626 845 100
626 866 100
626 884 100
626 954 20
626 970 260
626 985 20
628 79 200
628 99 220
628 763 80
628 880 140
628 970 40
628 985 80
634 674 2300
634 677 20
634 778 140
634 790 420
634 866 40
634 867 160
634 882 1740
634 893 40
634 908 1660
634 921 360
637 939 20
638 650 60
638 656 20
638 743 20
638 744 20
638 753 40
638 854 40
638 867 3500
638 882 60
642 74 40
642 77 40
642 97 20
642 694 20
642 741 20
642 751 2200
642 753 20
642 763 60
642 859 160
642 880 840
642 882 20
642 884 400
642 909 100
649 71 960
649 77 380
649 80 160
649 89 40
649 99 380
649 656 20
649 691 1300
649 720 20
649 725 660
649 779 360
649 809 20
649 889 400
649 894 40
649 923 20
649 954 180
649 977 20
649 985 40
650 71 80
650 691 20
650 744 240
650 845 460
650 882 360
650 977 20
650 998 40
653 99 60
653 677 20
653 874 140
653 880 120
653 908 20
653 909 40
653 970 60
653 977 40
656 72 120
656 97 260
656 720 20
656 741 320
656 845 20
656 886 1540
656 954 40
660 691 260
660 741 60
660 797 20
660 836 20
660 866 40
660 882 40
660 939 540
674 744 20
674 790 120
674 836 240
674 854 20
674 884 20
674 908 140
674 909 20
674 921 40
677 74 100
677 866 20
677 959 60
677 970 20
691 72 40
691 74 40
691 706 2640
691 720 40
691 753 160
691 793 20
691 836 100
691 859 180
691 866 100
691 882 20
691 894 20
691 908 880
691 923 20
694 706 40
694 720 140
694 753 80
694 763 20
694 836 120
694 859 6280
694 880 20
694 882 20
694 884 60
694 909 1080
694 923 40
702 706 20
702 797 20
702 871 340
702 939 280
706 71 20
706 72 440
706 80 20
706 753 180
706 784 220
706 790 20
706 809 20
706 845 20
706 859 80
706 866 20
706 871 40
706 894 20
706 908 480
706 921 40
706 923 6460
706 939 40
706 998 80
720 77 100
720 89 2960
720 97 4000
720 99 20
720 741 300
720 751 40
720 753 20
720 779 20
720 836 500
720 884 80
720 985 20
725 741 40
725 763 20
725 779 80
725 845 20
741 77 20
741 89 60
741 97 380
741 99 20
741 779 60
741 836 20
741 882 40
741 884 40
741 886 340
741 893 20
741 909 20
741 954 20
741 985 20
743 744 60
743 753 60
743 771 40
743 874 20
743 882 20
743 893 680
744 763 20
744 797 100
744 845 6040
744 893 20
751 97 20
751 809 1660
751 859 20
751 884 100
751 939 20
751 959 20
753 80 20
753 99 40
753 784 40
753 790 320
753 793 200
753 809 1880
753 859 60
753 867 20
753 871 20
753 889 220
753 894 20
753 908 1200
753 923 100
753 939 160
763 884 480
771 893 20
771 909 100
771 921 540
778 797 20
778 882 20
778 998 860
779 836 20
779 909 40
779 954 220
779 970 80
784 790 40
784 809 900
784 894 360
784 939 60
790 80 20
790 793 20
790 871 20
790 889 40
790 939 100
793 866 1960
793 871 20
793 889 60
793 894 40
793 923 20
793 939 2360
797 845 980
797 882 60
797 908 120
797 939 20
809 866 20
809 874 40
809 884 20
809 894 140
809 923 40
809 939 1280
836 866 20
836 871 40
836 874 280
836 882 20
836 886 20
836 923 20
845 99 20
845 882 20
845 884 80
845 894 20
845 908 720
859 89 20
859 882 20
859 908 20
859 909 320
859 923 40
859 959 60
859 998 160
866 882 60
866 889 20
866 894 20
866 939 1280
866 985 1220
867 908 20
867 921 20
871 889 20
874 880 40
874 882 60
874 884 20
874 959 60
874 977 1940
880 99 200
880 884 3620
880 909 60
880 970 20
882 908 20
882 921 4700
882 939 120
882 954 1060
882 998 20
884 89 140
884 97 60
884 99 20
884 893 60
884 909 40
884 954 40
884 959 1360
884 970 20
886 97 1480
886 985 2940
889 939 1520
889 959 40
893 921 140
893 939 120
894 923 20
894 939 820
894 998 20
908 921 40
908 954 40
908 998 20
909 99 100
909 921 340
909 970 40
909 977 20
923 939 60
959 99 80
970 99 20
977 985 20
1067 18 40
1067 47 120
1067 59 20
1067 99 1860
1067 119 100
1067 156 60
1067 160 60
1067 178 20
1067 183 3960
1067 193 300
1067 198 40
1067 205 300
1067 220 40
1067 250 100
1067 259 340
1067 261 920
1067 267 20
1067 295 20
1067 333 240
1067 353 60
1067 366 40
1067 372 20
1067 413 640
1067 428 20
1067 429 20
1067 434 20
1067 453 20
1067 460 540
1067 478 80
1067 574 100
1067 582 2720
1067 615 2520
1067 642 320
1067 649 500
1067 653 20
1067 656 20
1067 691 220
1067 694 440
1067 720 800
1067 741 40
1067 859 20
1067 880 20
1067 884 20
1067 909 40
1067 959 20
1067 1164 2540
1067 1342 4460
1067 1362 60
1090 3 100
1090 15 760
1090 20 20
1090 54 80
1090 71 20
1090 74 60
1090 77 20
1090 89 20
1090 97 120
1090 99 40
1090 117 80
1090 120 500
1090 122 180
1090 131 40
1090 134 20
1090 158 60
1090 162 100
1090 164 40
1090 165 40
1090 178 40
1090 200 720
1090 215 120
1090 236 320
1090 242 40
1090 250 20
1090 259 180
1090 333 20
1090 372 120
1090 378 220
1090 401 140
1090 426 60
1090 429 180
1090 432 80
1090 440 160
1090 441 40
1090 461 60
1090 464 20
1090 488 2080
1090 491 380
1090 510 20
1090 513 20
1090 574 40
1090 577 700
1090 580 1840
1090 621 80
1090 634 1880
1090 649 40
1090 720 40
1090 751 180
1090 790 40
1090 882 40
1090 889 20
1090 921 280
1090 985 60
1090 1204 40
1090 1245 160
1090 1260 120
1090 1323 100
1090 1362 20
1090 1414 20
1090 1492 40
1164 54 180
1164 74 40
1164 77 60
1164 99 14180
1164 131 100
1164 160 100
1164 183 2780
1164 193 20
1164 197 20
1164 250 140
1164 259 200
1164 261 20
1164 295 260
1164 322 320
1164 339 140
1164 353 20
1164 378 40
1164 413 140
1164 435 20
1164 447 20
1164 453 20
1164 460 20
1164 582 2660
1164 642 80
1164 677 3940
1164 720 420
1164 751 20
1164 836 140
1164 880 140
1164 882 20
1164 884 280
1164 959 60
1164 1204 20
1204 3 80
1204 20 40
1204 71 40
1204 77 460
1204 89 260
1204 97 1800
1204 147 60
1204 156 440
1204 160 20
1204 164 40
1204 193 20
1204 205 60
1204 215 60
1204 219 20
1204 220 120
1204 242 40
1204 290 40
1204 372 1060
1204 378 20
1204 387 20
1204 426 20
1204 429 60
1204 434 20
1204 440 40
1204 441 60
1204 488 20
1204 491 40
1204 520 20
1204 525 680
1204 544 20
1204 574 20
1204 628 60
1204 642 60
1204 649 20
1204 691 20
1204 720 2440
1204 741 60
1204 751 500
1204 884 20
1204 886 1340
1204 985 20
1204 1209 40
1204 1245 60
1204 1260 40
1204 1323 60
1204 1414 40
1204 1492 140
1209 15 20
1209 20 5240
1209 55 60
1209 72 120
1209 74 240
1209 77 100
1209 122 40
1209 156 40
1209 160 540
1209 215 220
1209 236 20
1209 242 20
1209 250 240
1209 290 20
1209 346 40
1209 378 100
1209 387 20
1209 426 40
1209 435 20
1209 440 60
1209 504 20
1209 520 240
1209 527 40
1209 574 20
1209 634 60
1209 649 20
1209 656 4480
1209 720 520
1209 741 1760
1209 778 1920
1209 884 20
1209 886 3880
1209 977 20
1209 985 1220
1209 1245 20
1209 1323 80
1209 1342 440
1209 1362 20
1209 1414 40
1209 1492 340
1238 77 20
1238 156 40
1238 183 1340
1238 193 20
1238 220 1160
1238 250 240
1238 778 60
1245 3 60
1245 20 120
1245 55 4340
1245 71 1340
1245 74 40
1245 89 40
1245 97 20
1245 147 4400
1245 158 20
1245 164 20
1245 200 40
1245 215 760
1245 236 20
1245 242 40
1245 246 20
1245 272 3880
1245 295 20
1245 333 680
1245 346 240
1245 378 120
1245 387 800
1245 401 1620
1245 426 1160
1245 429 2440
1245 432 40
1245 434 20
1245 440 80
1245 441 60
1245 461 40
1245 487 60
1245 488 20
1245 580 40
1245 603 780
1245 649 1060
1245 741 20
1245 751 20
1245 779 20
1245 859 20
1245 939 80
1245 954 40
1245 985 40
1245 1260 80
1245 1323 180
1245 1362 380
1245 1392 660
1245 1492 100
1260 3 60
1260 14 20
1260 18 20
1260 20 40
1260 55 60
1260 74 40
1260 77 60
1260 89 40
1260 97 60
1260 141 120
1260 147 40
1260 158 40
1260 164 60
1260 181 5600
1260 184 300
1260 200 20
1260 210 120
1260 242 40
1260 275 20
1260 290 120
1260 378 180
1260 401 20
1260 407 40
1260 426 60
1260 429 40
1260 432 20
1260 434 40
1260 440 140
1260 441 60
1260 461 40
1260 475 60
1260 487 20
1260 491 20
1260 510 20
1260 544 20
1260 574 20
1260 603 220
1260 649 20
1260 694 140
1260 706 40
1260 741 40
1260 771 20
1260 778 1120
1260 859 20
1260 874 20
1260 923 80
1260 985 40
1260 998 1860
1260 1323 80
1260 1342 20
1260 1362 40
1260 1492 60
1323 3 60
1323 20 160
1323 55 20
1323 71 620
1323 72 400
1323 74 120
1323 77 120
1323 97 140
1323 147 60
1323 164 80
1323 200 60
1323 215 2960
1323 246 20
1323 272 40
1323 290 20
1323 339 80
1323 346 20
1323 378 100
1323 387 480
1323 426 220
1323 429 60
1323 434 40
1323 440 120
1323 441 80
1323 488 20
1323 491 20
1323 544 220
1323 574 20
1323 580 20
1323 603 500
1323 649 100
1323 691 20
1323 725 20
1323 884 20
1323 954 20
1323 985 60
1323 1342 20
1323 1362 80
1323 1414 20
1323 1492 120
1342 20 20
1342 74 20
1342 77 420
1342 147 40
1342 156 1140
1342 158 20
1342 159 1500
1342 160 140
1342 162 340
1342 164 20
1342 178 40
1342 193 120
1342 197 40
1342 205 240
1342 210 60
1342 215 20
1342 259 140
1342 261 140
1342 428 100
1342 434 20
1342 453 100
1342 460 100
1342 464 460
1342 466 20
1342 574 80
1342 603 20
1342 615 1060
1342 642 740
1342 741 80
1342 751 280
1342 753 20
1342 793 40
1342 871 20
1342 880 840
1342 884 280
1342 923 80
1342 1362 40
1362 3 20
1362 14 20
1362 15 20
1362 18 20
1362 20 40
1362 59 20
1362 72 20
1362 74 80
1362 77 180
1362 89 20
1362 97 20
1362 141 80
1362 147 160
1362 160 20
1362 172 20
1362 181 20
1362 198 20
1362 215 160
1362 242 100
1362 245 60
1362 246 500
1362 248 20
1362 267 20
1362 275 20
1362 346 3120
1362 366 20
1362 378 20
1362 387 280
1362 401 100
1362 407 300
1362 426 20
1362 428 20
1362 429 60
1362 432 60
1362 435 20
1362 440 20
1362 461 500
1362 477 60
1362 487 60
1362 488 20
1362 491 20
1362 527 20
1362 574 100
1362 582 60
1362 603 520
1362 626 120
1362 649 220
1362 650 40
1362 660 20
1362 725 20
1362 741 40
1362 779 380
1362 954 200
1362 998 60
1362 1392 540
1362 1485 20
1362 1492 60
1392 20 20
1392 27 780
1392 71 440
1392 72 20
1392 77 20
1392 147 5220
1392 160 460
1392 215 80
1392 253 40
1392 295 80
1392 346 380
1392 387 14080
1392 401 1140
1392 426 220
1392 429 260
1392 432 140
1392 435 20
1392 488 40
1392 489 40
1392 544 20
1392 580 180
1392 603 340
1392 626 140
1392 649 220
1392 653 60
1392 656 280
1392 725 140
1392 741 40
1392 779 60
1392 884 140
1392 909 20
1392 954 220
1414 3 20
1414 18 120
1414 20 60
1414 71 20
1414 74 20
1414 89 20
1414 97 60
1414 164 20
1414 200 940
1414 215 80
1414 220 20
1414 242 20
1414 272 320
1414 372 20
1414 387 20
1414 401 20
1414 429 20
1414 432 240
1414 461 1200
1414 475 1960
1414 491 40
1414 496 440
1414 520 240
1414 531 20
1414 574 20
1414 653 40
1414 706 20
1414 751 20
1414 859 20
1414 874 2060
1414 977 60
1414 1492 20
1485 3 60
1485 43 20
1485 47 20
1485 55 20
1485 72 40
1485 172 440
1485 183 40
1485 184 200
1485 210 120
1485 222 440
1485 242 20
1485 246 440
1485 248 3820
1485 250 20
1485 252 220
1485 253 40
1485 269 820
1485 272 360
1485 275 1680
1485 322 1620
1485 366 40
1485 424 1680
1485 445 100
1485 453 20
1485 465 320
1485 468 440
1485 477 40
1485 486 480
1485 504 300
1485 510 3260
1485 513 20
1485 525 20
1485 527 520
1485 531 20
1485 577 1700
1485 603 80
1485 626 40
1485 634 40
1485 638 2720
1485 674 20
1485 720 240
1485 743 260
1485 771 440
1485 778 600
1485 797 40
1485 854 20
1485 867 1240
1485 882 800
1485 893 340
1485 908 40
1485 921 320
1485 998 20
1492 3 140
1492 20 140
1492 74 100
1492 77 100
1492 89 20
1492 97 60
1492 158 20
1492 164 20
1492 197 20
1492 215 100
1492 220 80
1492 242 60
1492 250 20
1492 275 20
1492 290 80
1492 333 20
1492 372 20
1492 378 4400
1492 426 60
1492 429 20
1492 440 80
1492 461 40
1492 491 20
1492 502 40
1492 504 200
1492 527 280
1492 574 60
1492 603 40
1492 656 5500
1492 741 240
1492 751 20
1492 809 20
1492 874 20
1492 882 20
1492 884 20
1492 886 1660
